 33, 25
-0.5000000000000000E+00, 0.0000000000000000E+00
-0.4375000000000000E+00, 0.0000000000000000E+00
-0.3750000000000000E+00, 0.0000000000000000E+00
-0.3125000000000000E+00, 0.0000000000000000E+00
-0.2500000000000000E+00, 0.0000000000000000E+00
-0.1875000000000000E+00, 0.0000000000000000E+00
-0.1250000000000000E+00, 0.0000000000000000E+00
-0.6250000000000000E-01, 0.0000000000000000E+00
 0.0000000000000000E+00, 0.0000000000000000E+00
 0.6250000000000000E-01, 0.1102043629427906E-01
 0.1250000000000000E+00, 0.2204087258855812E-01
 0.1875000000000000E+00, 0.3306130888283718E-01
 0.2500000000000000E+00, 0.4408174517711624E-01
 0.3125000000000000E+00, 0.5510218147139530E-01
 0.3750000000000000E+00, 0.6612261776567437E-01
 0.4375000000000000E+00, 0.7714305405995342E-01
 0.5000000000000000E+00, 0.8816349035423249E-01
 0.5625000000000000E+00, 0.7714305405995342E-01
 0.6250000000000000E+00, 0.6612261776567437E-01
 0.6875000000000000E+00, 0.5510218147139530E-01
 0.7500000000000000E+00, 0.4408174517711624E-01
 0.8125000000000000E+00, 0.3306130888283718E-01
 0.8750000000000000E+00, 0.2204087258855812E-01
 0.9375000000000000E+00, 0.1102043629427907E-01
 0.1000000000000000E+01, 0.0000000000000000E+00
 0.1062500000000000E+01, 0.0000000000000000E+00
 0.1125000000000000E+01, 0.0000000000000000E+00
 0.1187500000000000E+01, 0.0000000000000000E+00
 0.1250000000000000E+01, 0.0000000000000000E+00
 0.1312500000000000E+01, 0.0000000000000000E+00
 0.1375000000000000E+01, 0.0000000000000000E+00
 0.1437500000000000E+01, 0.0000000000000000E+00
 0.1500000000000000E+01, 0.0000000000000000E+00
-0.5000000000000000E+00, 0.6202651742275151E-01
-0.4375000000000000E+00, 0.6202651742275153E-01
-0.3750000000000000E+00, 0.6202651742275153E-01
-0.3125000000000000E+00, 0.6202651742275152E-01
-0.2500000000000000E+00, 0.6202651742275151E-01
-0.1875000000000000E+00, 0.6202651742275151E-01
-0.1250000000000000E+00, 0.6202651742275152E-01
-0.6250000000000000E-01, 0.6202651742275151E-01
 0.0000000000000000E+00, 0.6202651742275151E-01
 0.6250000000000000E-01, 0.7259124752782162E-01
 0.1250000000000000E+00, 0.8315597763289176E-01
 0.1875000000000000E+00, 0.9372070773796184E-01
 0.2500000000000000E+00, 0.1042854378430320E+00
 0.3125000000000000E+00, 0.1148501679481021E+00
 0.3750000000000000E+00, 0.1254148980531722E+00
 0.4375000000000000E+00, 0.1359796281582423E+00
 0.5000000000000000E+00, 0.1465443582633124E+00
 0.5625000000000000E+00, 0.1359796281582423E+00
 0.6250000000000000E+00, 0.1254148980531722E+00
 0.6875000000000000E+00, 0.1148501679481021E+00
 0.7500000000000000E+00, 0.1042854378430319E+00
 0.8125000000000000E+00, 0.9372070773796184E-01
 0.8750000000000000E+00, 0.8315597763289173E-01
 0.9375000000000000E+00, 0.7259124752782165E-01
 0.1000000000000000E+01, 0.6202651742275152E-01
 0.1062500000000000E+01, 0.6202651742275152E-01
 0.1125000000000000E+01, 0.6202651742275150E-01
 0.1187500000000000E+01, 0.6202651742275151E-01
 0.1250000000000000E+01, 0.6202651742275151E-01
 0.1312500000000000E+01, 0.6202651742275150E-01
 0.1375000000000000E+01, 0.6202651742275150E-01
 0.1437500000000000E+01, 0.6202651742275152E-01
 0.1500000000000000E+01, 0.6202651742275151E-01
-0.5000000000000000E+00, 0.1241131435932818E+00
-0.4375000000000000E+00, 0.1241131435932819E+00
-0.3750000000000000E+00, 0.1241131435932819E+00
-0.3125000000000000E+00, 0.1241131435932819E+00
-0.2500000000000000E+00, 0.1241131435932818E+00
-0.1875000000000000E+00, 0.1241131435932818E+00
-0.1250000000000000E+00, 0.1241131435932819E+00
-0.6250000000000000E-01, 0.1241131435932818E+00
 0.0000000000000000E+00, 0.1241131435932818E+00
 0.6250000000000000E-01, 0.1342217258927259E+00
 0.1250000000000000E+00, 0.1443303081921700E+00
 0.1875000000000000E+00, 0.1544388904916141E+00
 0.2500000000000000E+00, 0.1645474727910582E+00
 0.3125000000000000E+00, 0.1746560550905022E+00
 0.3750000000000000E+00, 0.1847646373899463E+00
 0.4375000000000000E+00, 0.1948732196893904E+00
 0.5000000000000000E+00, 0.2049818019888345E+00
 0.5625000000000000E+00, 0.1948732196893904E+00
 0.6250000000000000E+00, 0.1847646373899463E+00
 0.6875000000000000E+00, 0.1746560550905023E+00
 0.7500000000000000E+00, 0.1645474727910581E+00
 0.8125000000000000E+00, 0.1544388904916141E+00
 0.8750000000000000E+00, 0.1443303081921700E+00
 0.9375000000000000E+00, 0.1342217258927260E+00
 0.1000000000000000E+01, 0.1241131435932819E+00
 0.1062500000000000E+01, 0.1241131435932819E+00
 0.1125000000000000E+01, 0.1241131435932818E+00
 0.1187500000000000E+01, 0.1241131435932818E+00
 0.1250000000000000E+01, 0.1241131435932818E+00
 0.1312500000000000E+01, 0.1241131435932818E+00
 0.1375000000000000E+01, 0.1241131435932818E+00
 0.1437500000000000E+01, 0.1241131435932819E+00
 0.1500000000000000E+01, 0.1241131435932818E+00
-0.5000000000000000E+00, 0.1862573377586092E+00
-0.4375000000000000E+00, 0.1862573377586092E+00
-0.3750000000000000E+00, 0.1862573377586092E+00
-0.3125000000000000E+00, 0.1862573377586092E+00
-0.2500000000000000E+00, 0.1862573377586092E+00
-0.1875000000000000E+00, 0.1862573377586092E+00
-0.1250000000000000E+00, 0.1862573377586092E+00
-0.6250000000000000E-01, 0.1862573377586092E+00
 0.0000000000000000E+00, 0.1862573377586092E+00
 0.6250000000000000E-01, 0.1959093493028144E+00
 0.1250000000000000E+00, 0.2055613608470196E+00
 0.1875000000000000E+00, 0.2152133723912248E+00
 0.2500000000000000E+00, 0.2248653839354300E+00
 0.3125000000000000E+00, 0.2345173954796352E+00
 0.3750000000000000E+00, 0.2441694070238404E+00
 0.4375000000000000E+00, 0.2538214185680457E+00
 0.5000000000000000E+00, 0.2634734301122509E+00
 0.5625000000000000E+00, 0.2538214185680457E+00
 0.6250000000000000E+00, 0.2441694070238404E+00
 0.6875000000000000E+00, 0.2345173954796353E+00
 0.7500000000000000E+00, 0.2248653839354300E+00
 0.8125000000000000E+00, 0.2152133723912248E+00
 0.8750000000000000E+00, 0.2055613608470196E+00
 0.9375000000000000E+00, 0.1959093493028144E+00
 0.1000000000000000E+01, 0.1862573377586092E+00
 0.1062500000000000E+01, 0.1862573377586092E+00
 0.1125000000000000E+01, 0.1862573377586091E+00
 0.1187500000000000E+01, 0.1862573377586092E+00
 0.1250000000000000E+01, 0.1862573377586092E+00
 0.1312500000000000E+01, 0.1862573377586091E+00
 0.1375000000000000E+01, 0.1862573377586091E+00
 0.1437500000000000E+01, 0.1862573377586092E+00
 0.1500000000000000E+01, 0.1862573377586092E+00
-0.5000000000000000E+00, 0.2484565495807661E+00
-0.4375000000000000E+00, 0.2484565495807662E+00
-0.3750000000000000E+00, 0.2484565495807662E+00
-0.3125000000000000E+00, 0.2484565495807662E+00
-0.2500000000000000E+00, 0.2484565495807661E+00
-0.1875000000000000E+00, 0.2484565495807661E+00
-0.1250000000000000E+00, 0.2484565495807662E+00
-0.6250000000000000E-01, 0.2484565495807661E+00
 0.0000000000000000E+00, 0.2484565495807661E+00
 0.6250000000000000E-01, 0.2576515861573443E+00
 0.1250000000000000E+00, 0.2668466227339227E+00
 0.1875000000000000E+00, 0.2760416593105008E+00
 0.2500000000000000E+00, 0.2852366958870791E+00
 0.3125000000000000E+00, 0.2944317324636574E+00
 0.3750000000000000E+00, 0.3036267690402356E+00
 0.4375000000000000E+00, 0.3128218056168138E+00
 0.5000000000000000E+00, 0.3220168421933921E+00
 0.5625000000000000E+00, 0.3128218056168138E+00
 0.6250000000000000E+00, 0.3036267690402356E+00
 0.6875000000000000E+00, 0.2944317324636574E+00
 0.7500000000000000E+00, 0.2852366958870791E+00
 0.8125000000000000E+00, 0.2760416593105008E+00
 0.8750000000000000E+00, 0.2668466227339226E+00
 0.9375000000000000E+00, 0.2576515861573444E+00
 0.1000000000000000E+01, 0.2484565495807662E+00
 0.1062500000000000E+01, 0.2484565495807662E+00
 0.1125000000000000E+01, 0.2484565495807661E+00
 0.1187500000000000E+01, 0.2484565495807661E+00
 0.1250000000000000E+01, 0.2484565495807661E+00
 0.1312500000000000E+01, 0.2484565495807661E+00
 0.1375000000000000E+01, 0.2484565495807661E+00
 0.1437500000000000E+01, 0.2484565495807662E+00
 0.1500000000000000E+01, 0.2484565495807661E+00
-0.5000000000000000E+00, 0.3107082195489117E+00
-0.4375000000000000E+00, 0.3107082195489118E+00
-0.3750000000000000E+00, 0.3107082195489118E+00
-0.3125000000000000E+00, 0.3107082195489117E+00
-0.2500000000000000E+00, 0.3107082195489117E+00
-0.1875000000000000E+00, 0.3107082195489117E+00
-0.1250000000000000E+00, 0.3107082195489117E+00
-0.6250000000000000E-01, 0.3107082195489117E+00
 0.0000000000000000E+00, 0.3107082195489117E+00
 0.6250000000000000E-01, 0.3194458957500923E+00
 0.1250000000000000E+00, 0.3281835719512730E+00
 0.1875000000000000E+00, 0.3369212481524536E+00
 0.2500000000000000E+00, 0.3456589243536342E+00
 0.3125000000000000E+00, 0.3543966005548148E+00
 0.3750000000000000E+00, 0.3631342767559954E+00
 0.4375000000000000E+00, 0.3718719529571761E+00
 0.5000000000000000E+00, 0.3806096291583567E+00
 0.5625000000000000E+00, 0.3718719529571761E+00
 0.6250000000000000E+00, 0.3631342767559954E+00
 0.6875000000000000E+00, 0.3543966005548149E+00
 0.7500000000000000E+00, 0.3456589243536341E+00
 0.8125000000000000E+00, 0.3369212481524536E+00
 0.8750000000000000E+00, 0.3281835719512729E+00
 0.9375000000000000E+00, 0.3194458957500923E+00
 0.1000000000000000E+01, 0.3107082195489117E+00
 0.1062500000000000E+01, 0.3107082195489117E+00
 0.1125000000000000E+01, 0.3107082195489116E+00
 0.1187500000000000E+01, 0.3107082195489117E+00
 0.1250000000000000E+01, 0.3107082195489117E+00
 0.1312500000000000E+01, 0.3107082195489116E+00
 0.1375000000000000E+01, 0.3107082195489116E+00
 0.1437500000000000E+01, 0.3107082195489117E+00
 0.1500000000000000E+01, 0.3107082195489117E+00
-0.5000000000000000E+00, 0.3730097793946744E+00
-0.4375000000000000E+00, 0.3730097793946745E+00
-0.3750000000000000E+00, 0.3730097793946745E+00
-0.3125000000000000E+00, 0.3730097793946744E+00
-0.2500000000000000E+00, 0.3730097793946744E+00
-0.1875000000000000E+00, 0.3730097793946744E+00
-0.1250000000000000E+00, 0.3730097793946744E+00
-0.6250000000000000E-01, 0.3730097793946744E+00
 0.0000000000000000E+00, 0.3730097793946744E+00
 0.6250000000000000E-01, 0.3812897286816453E+00
 0.1250000000000000E+00, 0.3895696779686165E+00
 0.1875000000000000E+00, 0.3978496272555874E+00
 0.2500000000000000E+00, 0.4061295765425583E+00
 0.3125000000000000E+00, 0.4144095258295294E+00
 0.3750000000000000E+00, 0.4226894751165003E+00
 0.4375000000000000E+00, 0.4309694244034714E+00
 0.5000000000000000E+00, 0.4392493736904424E+00
 0.5625000000000000E+00, 0.4309694244034714E+00
 0.6250000000000000E+00, 0.4226894751165003E+00
 0.6875000000000000E+00, 0.4144095258295295E+00
 0.7500000000000000E+00, 0.4061295765425583E+00
 0.8125000000000000E+00, 0.3978496272555874E+00
 0.8750000000000000E+00, 0.3895696779686164E+00
 0.9375000000000000E+00, 0.3812897286816454E+00
 0.1000000000000000E+01, 0.3730097793946744E+00
 0.1062500000000000E+01, 0.3730097793946744E+00
 0.1125000000000000E+01, 0.3730097793946743E+00
 0.1187500000000000E+01, 0.3730097793946744E+00
 0.1250000000000000E+01, 0.3730097793946744E+00
 0.1312500000000000E+01, 0.3730097793946743E+00
 0.1375000000000000E+01, 0.3730097793946743E+00
 0.1437500000000000E+01, 0.3730097793946744E+00
 0.1500000000000000E+01, 0.3730097793946744E+00
-0.5000000000000000E+00, 0.4353586525105951E+00
-0.4375000000000000E+00, 0.4353586525105952E+00
-0.3750000000000000E+00, 0.4353586525105952E+00
-0.3125000000000000E+00, 0.4353586525105952E+00
-0.2500000000000000E+00, 0.4353586525105951E+00
-0.1875000000000000E+00, 0.4353586525105951E+00
-0.1250000000000000E+00, 0.4353586525105952E+00
-0.6250000000000000E-01, 0.4353586525105951E+00
 0.0000000000000000E+00, 0.4353586525105951E+00
 0.6250000000000000E-01, 0.4431805272747700E+00
 0.1250000000000000E+00, 0.4510024020389451E+00
 0.1875000000000000E+00, 0.4588242768031198E+00
 0.2500000000000000E+00, 0.4666461515672948E+00
 0.3125000000000000E+00, 0.4744680263314698E+00
 0.3750000000000000E+00, 0.4822899010956447E+00
 0.4375000000000000E+00, 0.4901117758598197E+00
 0.5000000000000000E+00, 0.4979336506239946E+00
 0.5625000000000000E+00, 0.4901117758598197E+00
 0.6250000000000000E+00, 0.4822899010956447E+00
 0.6875000000000000E+00, 0.4744680263314699E+00
 0.7500000000000000E+00, 0.4666461515672947E+00
 0.8125000000000000E+00, 0.4588242768031198E+00
 0.8750000000000000E+00, 0.4510024020389449E+00
 0.9375000000000000E+00, 0.4431805272747701E+00
 0.1000000000000000E+01, 0.4353586525105952E+00
 0.1062500000000000E+01, 0.4353586525105952E+00
 0.1125000000000000E+01, 0.4353586525105950E+00
 0.1187500000000000E+01, 0.4353586525105951E+00
 0.1250000000000000E+01, 0.4353586525105951E+00
 0.1312500000000000E+01, 0.4353586525105950E+00
 0.1375000000000000E+01, 0.4353586525105950E+00
 0.1437500000000000E+01, 0.4353586525105952E+00
 0.1500000000000000E+01, 0.4353586525105951E+00
-0.5000000000000000E+00, 0.4977522543715079E+00
-0.4375000000000000E+00, 0.4977522543715081E+00
-0.3750000000000000E+00, 0.4977522543715081E+00
-0.3125000000000000E+00, 0.4977522543715080E+00
-0.2500000000000000E+00, 0.4977522543715079E+00
-0.1875000000000000E+00, 0.4977522543715079E+00
-0.1250000000000000E+00, 0.4977522543715080E+00
-0.6250000000000000E-01, 0.4977522543715079E+00
 0.0000000000000000E+00, 0.4977522543715079E+00
 0.6250000000000000E-01, 0.5051157259926969E+00
 0.1250000000000000E+00, 0.5124791976138863E+00
 0.1875000000000000E+00, 0.5198426692350752E+00
 0.2500000000000000E+00, 0.5272061408562642E+00
 0.3125000000000000E+00, 0.5345696124774533E+00
 0.3750000000000000E+00, 0.5419330840986423E+00
 0.4375000000000000E+00, 0.5492965557198314E+00
 0.5000000000000000E+00, 0.5566600273410205E+00
 0.5625000000000000E+00, 0.5492965557198314E+00
 0.6250000000000000E+00, 0.5419330840986423E+00
 0.6875000000000000E+00, 0.5345696124774535E+00
 0.7500000000000000E+00, 0.5272061408562640E+00
 0.8125000000000000E+00, 0.5198426692350752E+00
 0.8750000000000000E+00, 0.5124791976138861E+00
 0.9375000000000000E+00, 0.5051157259926971E+00
 0.1000000000000000E+01, 0.4977522543715080E+00
 0.1062500000000000E+01, 0.4977522543715080E+00
 0.1125000000000000E+01, 0.4977522543715079E+00
 0.1187500000000000E+01, 0.4977522543715079E+00
 0.1250000000000000E+01, 0.4977522543715079E+00
 0.1312500000000000E+01, 0.4977522543715079E+00
 0.1375000000000000E+01, 0.4977522543715079E+00
 0.1437500000000000E+01, 0.4977522543715080E+00
 0.1500000000000000E+01, 0.4977522543715079E+00
-0.5000000000000000E+00, 0.5601879929587364E+00
-0.4375000000000000E+00, 0.5601879929587366E+00
-0.3750000000000000E+00, 0.5601879929587366E+00
-0.3125000000000000E+00, 0.5601879929587364E+00
-0.2500000000000000E+00, 0.5601879929587364E+00
-0.1875000000000000E+00, 0.5601879929587364E+00
-0.1250000000000000E+00, 0.5601879929587364E+00
-0.6250000000000000E-01, 0.5601879929587364E+00
 0.0000000000000000E+00, 0.5601879929587364E+00
 0.6250000000000000E-01, 0.5670927518602009E+00
 0.1250000000000000E+00, 0.5739975107616656E+00
 0.1875000000000000E+00, 0.5809022696631300E+00
 0.2500000000000000E+00, 0.5878070285645945E+00
 0.3125000000000000E+00, 0.5947117874660591E+00
 0.3750000000000000E+00, 0.6016165463675236E+00
 0.4375000000000000E+00, 0.6085213052689882E+00
 0.5000000000000000E+00, 0.6154260641704525E+00
 0.5625000000000000E+00, 0.6085213052689882E+00
 0.6250000000000000E+00, 0.6016165463675236E+00
 0.6875000000000000E+00, 0.5947117874660592E+00
 0.7500000000000000E+00, 0.5878070285645943E+00
 0.8125000000000000E+00, 0.5809022696631300E+00
 0.8750000000000000E+00, 0.5739975107616654E+00
 0.9375000000000000E+00, 0.5670927518602009E+00
 0.1000000000000000E+01, 0.5601879929587364E+00
 0.1062500000000000E+01, 0.5601879929587364E+00
 0.1125000000000000E+01, 0.5601879929587363E+00
 0.1187500000000000E+01, 0.5601879929587364E+00
 0.1250000000000000E+01, 0.5601879929587364E+00
 0.1312500000000000E+01, 0.5601879929587363E+00
 0.1375000000000000E+01, 0.5601879929587363E+00
 0.1437500000000000E+01, 0.5601879929587364E+00
 0.1500000000000000E+01, 0.5601879929587364E+00
-0.5000000000000000E+00, 0.6226632691869383E+00
-0.4375000000000000E+00, 0.6226632691869385E+00
-0.3750000000000000E+00, 0.6226632691869385E+00
-0.3125000000000000E+00, 0.6226632691869384E+00
-0.2500000000000000E+00, 0.6226632691869383E+00
-0.1875000000000000E+00, 0.6226632691869383E+00
-0.1250000000000000E+00, 0.6226632691869384E+00
-0.6250000000000000E-01, 0.6226632691869383E+00
 0.0000000000000000E+00, 0.6226632691869383E+00
 0.6250000000000000E-01, 0.6291090248873091E+00
 0.1250000000000000E+00, 0.6355547805876803E+00
 0.1875000000000000E+00, 0.6420005362880510E+00
 0.2500000000000000E+00, 0.6484462919884221E+00
 0.3125000000000000E+00, 0.6548920476887929E+00
 0.3750000000000000E+00, 0.6613378033891639E+00
 0.4375000000000000E+00, 0.6677835590895349E+00
 0.5000000000000000E+00, 0.6742293147899057E+00
 0.5625000000000000E+00, 0.6677835590895349E+00
 0.6250000000000000E+00, 0.6613378033891639E+00
 0.6875000000000000E+00, 0.6548920476887932E+00
 0.7500000000000000E+00, 0.6484462919884219E+00
 0.8125000000000000E+00, 0.6420005362880510E+00
 0.8750000000000000E+00, 0.6355547805876800E+00
 0.9375000000000000E+00, 0.6291090248873092E+00
 0.1000000000000000E+01, 0.6226632691869384E+00
 0.1062500000000000E+01, 0.6226632691869384E+00
 0.1125000000000000E+01, 0.6226632691869382E+00
 0.1187500000000000E+01, 0.6226632691869383E+00
 0.1250000000000000E+01, 0.6226632691869383E+00
 0.1312500000000000E+01, 0.6226632691869382E+00
 0.1375000000000000E+01, 0.6226632691869382E+00
 0.1437500000000000E+01, 0.6226632691869384E+00
 0.1500000000000000E+01, 0.6226632691869383E+00
-0.5000000000000000E+00, 0.6851754773334767E+00
-0.4375000000000000E+00, 0.6851754773334769E+00
-0.3750000000000000E+00, 0.6851754773334769E+00
-0.3125000000000000E+00, 0.6851754773334768E+00
-0.2500000000000000E+00, 0.6851754773334767E+00
-0.1875000000000000E+00, 0.6851754773334767E+00
-0.1250000000000000E+00, 0.6851754773334768E+00
-0.6250000000000000E-01, 0.6851754773334767E+00
 0.0000000000000000E+00, 0.6851754773334767E+00
 0.6250000000000000E-01, 0.6911619584955185E+00
 0.1250000000000000E+00, 0.6971484396575607E+00
 0.1875000000000000E+00, 0.7031349208196023E+00
 0.2500000000000000E+00, 0.7091214019816441E+00
 0.3125000000000000E+00, 0.7151078831436860E+00
 0.3750000000000000E+00, 0.7210943643057278E+00
 0.4375000000000000E+00, 0.7270808454677697E+00
 0.5000000000000000E+00, 0.7330673266298113E+00
 0.5625000000000000E+00, 0.7270808454677697E+00
 0.6250000000000000E+00, 0.7210943643057278E+00
 0.6875000000000000E+00, 0.7151078831436862E+00
 0.7500000000000000E+00, 0.7091214019816439E+00
 0.8125000000000000E+00, 0.7031349208196023E+00
 0.8750000000000000E+00, 0.6971484396575602E+00
 0.9375000000000000E+00, 0.6911619584955186E+00
 0.1000000000000000E+01, 0.6851754773334768E+00
 0.1062500000000000E+01, 0.6851754773334768E+00
 0.1125000000000000E+01, 0.6851754773334765E+00
 0.1187500000000000E+01, 0.6851754773334767E+00
 0.1250000000000000E+01, 0.6851754773334767E+00
 0.1312500000000000E+01, 0.6851754773334765E+00
 0.1375000000000000E+01, 0.6851754773334765E+00
 0.1437500000000000E+01, 0.6851754773334768E+00
 0.1500000000000000E+01, 0.6851754773334767E+00
-0.5000000000000000E+00, 0.7477220054701365E+00
-0.4375000000000000E+00, 0.7477220054701367E+00
-0.3750000000000000E+00, 0.7477220054701367E+00
-0.3125000000000000E+00, 0.7477220054701365E+00
-0.2500000000000000E+00, 0.7477220054701365E+00
-0.1875000000000000E+00, 0.7477220054701365E+00
-0.1250000000000000E+00, 0.7477220054701365E+00
-0.6250000000000000E-01, 0.7477220054701365E+00
 0.0000000000000000E+00, 0.7477220054701365E+00
 0.6250000000000000E-01, 0.7532489599463394E+00
 0.1250000000000000E+00, 0.7587759144225424E+00
 0.1875000000000000E+00, 0.7643028688987453E+00
 0.2500000000000000E+00, 0.7698298233749482E+00
 0.3125000000000000E+00, 0.7753567778511512E+00
 0.3750000000000000E+00, 0.7808837323273540E+00
 0.4375000000000000E+00, 0.7864106868035570E+00
 0.5000000000000000E+00, 0.7919376412797599E+00
 0.5625000000000000E+00, 0.7864106868035570E+00
 0.6250000000000000E+00, 0.7808837323273540E+00
 0.6875000000000000E+00, 0.7753567778511513E+00
 0.7500000000000000E+00, 0.7698298233749480E+00
 0.8125000000000000E+00, 0.7643028688987453E+00
 0.8750000000000000E+00, 0.7587759144225423E+00
 0.9375000000000000E+00, 0.7532489599463394E+00
 0.1000000000000000E+01, 0.7477220054701365E+00
 0.1062500000000000E+01, 0.7477220054701365E+00
 0.1125000000000000E+01, 0.7477220054701365E+00
 0.1187500000000000E+01, 0.7477220054701365E+00
 0.1250000000000000E+01, 0.7477220054701365E+00
 0.1312500000000000E+01, 0.7477220054701365E+00
 0.1375000000000000E+01, 0.7477220054701365E+00
 0.1437500000000000E+01, 0.7477220054701365E+00
 0.1500000000000000E+01, 0.7477220054701365E+00
-0.5000000000000000E+00, 0.8103002358970640E+00
-0.4375000000000000E+00, 0.8103002358970643E+00
-0.3750000000000000E+00, 0.8103002358970643E+00
-0.3125000000000000E+00, 0.8103002358970642E+00
-0.2500000000000000E+00, 0.8103002358970640E+00
-0.1875000000000000E+00, 0.8103002358970640E+00
-0.1250000000000000E+00, 0.8103002358970642E+00
-0.6250000000000000E-01, 0.8103002358970640E+00
 0.0000000000000000E+00, 0.8103002358970640E+00
 0.6250000000000000E-01, 0.8153674307720478E+00
 0.1250000000000000E+00, 0.8204346256470320E+00
 0.1875000000000000E+00, 0.8255018205220154E+00
 0.2500000000000000E+00, 0.8305690153969993E+00
 0.3125000000000000E+00, 0.8356362102719832E+00
 0.3750000000000000E+00, 0.8407034051469670E+00
 0.4375000000000000E+00, 0.8457706000219507E+00
 0.5000000000000000E+00, 0.8508377948969343E+00
 0.5625000000000000E+00, 0.8457706000219507E+00
 0.6250000000000000E+00, 0.8407034051469670E+00
 0.6875000000000000E+00, 0.8356362102719834E+00
 0.7500000000000000E+00, 0.8305690153969990E+00
 0.8125000000000000E+00, 0.8255018205220154E+00
 0.8750000000000000E+00, 0.8204346256470315E+00
 0.9375000000000000E+00, 0.8153674307720480E+00
 0.1000000000000000E+01, 0.8103002358970642E+00
 0.1062500000000000E+01, 0.8103002358970642E+00
 0.1125000000000000E+01, 0.8103002358970639E+00
 0.1187500000000000E+01, 0.8103002358970640E+00
 0.1250000000000000E+01, 0.8103002358970640E+00
 0.1312500000000000E+01, 0.8103002358970639E+00
 0.1375000000000000E+01, 0.8103002358970639E+00
 0.1437500000000000E+01, 0.8103002358970642E+00
 0.1500000000000000E+01, 0.8103002358970640E+00
-0.5000000000000000E+00, 0.8729075455787543E+00
-0.4375000000000000E+00, 0.8729075455787546E+00
-0.3750000000000000E+00, 0.8729075455787546E+00
-0.3125000000000000E+00, 0.8729075455787544E+00
-0.2500000000000000E+00, 0.8729075455787543E+00
-0.1875000000000000E+00, 0.8729075455787543E+00
-0.1250000000000000E+00, 0.8729075455787544E+00
-0.6250000000000000E-01, 0.8729075455787543E+00
 0.0000000000000000E+00, 0.8729075455787543E+00
 0.6250000000000000E-01, 0.8775147672084692E+00
 0.1250000000000000E+00, 0.8821219888381845E+00
 0.1875000000000000E+00, 0.8867292104678991E+00
 0.2500000000000000E+00, 0.8913364320976140E+00
 0.3125000000000000E+00, 0.8959436537273291E+00
 0.3750000000000000E+00, 0.9005508753570440E+00
 0.4375000000000000E+00, 0.9051580969867590E+00
 0.5000000000000000E+00, 0.9097653186164738E+00
 0.5625000000000000E+00, 0.9051580969867590E+00
 0.6250000000000000E+00, 0.9005508753570440E+00
 0.6875000000000000E+00, 0.8959436537273293E+00
 0.7500000000000000E+00, 0.8913364320976139E+00
 0.8125000000000000E+00, 0.8867292104678991E+00
 0.8750000000000000E+00, 0.8821219888381840E+00
 0.9375000000000000E+00, 0.8775147672084692E+00
 0.1000000000000000E+01, 0.8729075455787544E+00
 0.1062500000000000E+01, 0.8729075455787544E+00
 0.1125000000000000E+01, 0.8729075455787542E+00
 0.1187500000000000E+01, 0.8729075455787543E+00
 0.1250000000000000E+01, 0.8729075455787543E+00
 0.1312500000000000E+01, 0.8729075455787542E+00
 0.1375000000000000E+01, 0.8729075455787542E+00
 0.1437500000000000E+01, 0.8729075455787544E+00
 0.1500000000000000E+01, 0.8729075455787543E+00
-0.5000000000000000E+00, 0.9355413065819542E+00
-0.4375000000000000E+00, 0.9355413065819546E+00
-0.3750000000000000E+00, 0.9355413065819546E+00
-0.3125000000000000E+00, 0.9355413065819546E+00
-0.2500000000000000E+00, 0.9355413065819542E+00
-0.1875000000000000E+00, 0.9355413065819542E+00
-0.1250000000000000E+00, 0.9355413065819546E+00
-0.6250000000000000E-01, 0.9355413065819542E+00
 0.0000000000000000E+00, 0.9355413065819542E+00
 0.6250000000000000E-01, 0.9396883606296645E+00
 0.1250000000000000E+00, 0.9438354146773753E+00
 0.1875000000000000E+00, 0.9479824687250853E+00
 0.2500000000000000E+00, 0.9521295227727958E+00
 0.3125000000000000E+00, 0.9562765768205063E+00
 0.3750000000000000E+00, 0.9604236308682166E+00
 0.4375000000000000E+00, 0.9645706849159268E+00
 0.5000000000000000E+00, 0.9687177389636372E+00
 0.5625000000000000E+00, 0.9645706849159268E+00
 0.6250000000000000E+00, 0.9604236308682166E+00
 0.6875000000000000E+00, 0.9562765768205066E+00
 0.7500000000000000E+00, 0.9521295227727955E+00
 0.8125000000000000E+00, 0.9479824687250853E+00
 0.8750000000000000E+00, 0.9438354146773749E+00
 0.9375000000000000E+00, 0.9396883606296647E+00
 0.1000000000000000E+01, 0.9355413065819546E+00
 0.1062500000000000E+01, 0.9355413065819546E+00
 0.1125000000000000E+01, 0.9355413065819541E+00
 0.1187500000000000E+01, 0.9355413065819542E+00
 0.1250000000000000E+01, 0.9355413065819542E+00
 0.1312500000000000E+01, 0.9355413065819541E+00
 0.1375000000000000E+01, 0.9355413065819541E+00
 0.1437500000000000E+01, 0.9355413065819546E+00
 0.1500000000000000E+01, 0.9355413065819542E+00
-0.5000000000000000E+00, 0.9981988865153091E+00
-0.4375000000000000E+00, 0.9981988865153092E+00
-0.3750000000000000E+00, 0.9981988865153092E+00
-0.3125000000000000E+00, 0.9981988865153092E+00
-0.2500000000000000E+00, 0.9981988865153091E+00
-0.1875000000000000E+00, 0.9981988865153091E+00
-0.1250000000000000E+00, 0.9981988865153092E+00
-0.6250000000000000E-01, 0.9981988865153091E+00
 0.0000000000000000E+00, 0.9981988865153091E+00
 0.6250000000000000E-01, 0.1001885597984346E+01
 0.1250000000000000E+00, 0.1005572309453384E+01
 0.1875000000000000E+00, 0.1009259020922422E+01
 0.2500000000000000E+00, 0.1012945732391459E+01
 0.3125000000000000E+00, 0.1016632443860497E+01
 0.3750000000000000E+00, 0.1020319155329534E+01
 0.4375000000000000E+00, 0.1024005866798572E+01
 0.5000000000000000E+00, 0.1027692578267609E+01
 0.5625000000000000E+00, 0.1024005866798572E+01
 0.6250000000000000E+00, 0.1020319155329534E+01
 0.6875000000000000E+00, 0.1016632443860497E+01
 0.7500000000000000E+00, 0.1012945732391459E+01
 0.8125000000000000E+00, 0.1009259020922422E+01
 0.8750000000000000E+00, 0.1005572309453384E+01
 0.9375000000000000E+00, 0.1001885597984347E+01
 0.1000000000000000E+01, 0.9981988865153092E+00
 0.1062500000000000E+01, 0.9981988865153092E+00
 0.1125000000000000E+01, 0.9981988865153090E+00
 0.1187500000000000E+01, 0.9981988865153091E+00
 0.1250000000000000E+01, 0.9981988865153091E+00
 0.1312500000000000E+01, 0.9981988865153090E+00
 0.1375000000000000E+01, 0.9981988865153090E+00
 0.1437500000000000E+01, 0.9981988865153092E+00
 0.1500000000000000E+01, 0.9981988865153091E+00
-0.5000000000000000E+00, 0.1060877648970605E+01
-0.4375000000000000E+00, 0.1060877648970605E+01
-0.3750000000000000E+00, 0.1060877648970605E+01
-0.3125000000000000E+00, 0.1060877648970605E+01
-0.2500000000000000E+00, 0.1060877648970605E+01
-0.1875000000000000E+00, 0.1060877648970605E+01
-0.1250000000000000E+00, 0.1060877648970605E+01
-0.6250000000000000E-01, 0.1060877648970605E+01
 0.0000000000000000E+00, 0.1060877648970605E+01
 0.6250000000000000E-01, 0.1064103862233880E+01
 0.1250000000000000E+00, 0.1067330075497156E+01
 0.1875000000000000E+00, 0.1070556288760432E+01
 0.2500000000000000E+00, 0.1073782502023708E+01
 0.3125000000000000E+00, 0.1077008715286983E+01
 0.3750000000000000E+00, 0.1080234928550259E+01
 0.4375000000000000E+00, 0.1083461141813534E+01
 0.5000000000000000E+00, 0.1086687355076810E+01
 0.5625000000000000E+00, 0.1083461141813534E+01
 0.6250000000000000E+00, 0.1080234928550259E+01
 0.6875000000000000E+00, 0.1077008715286983E+01
 0.7500000000000000E+00, 0.1073782502023707E+01
 0.8125000000000000E+00, 0.1070556288760432E+01
 0.8750000000000000E+00, 0.1067330075497156E+01
 0.9375000000000000E+00, 0.1064103862233881E+01
 0.1000000000000000E+01, 0.1060877648970605E+01
 0.1062500000000000E+01, 0.1060877648970605E+01
 0.1125000000000000E+01, 0.1060877648970605E+01
 0.1187500000000000E+01, 0.1060877648970605E+01
 0.1250000000000000E+01, 0.1060877648970605E+01
 0.1312500000000000E+01, 0.1060877648970605E+01
 0.1375000000000000E+01, 0.1060877648970605E+01
 0.1437500000000000E+01, 0.1060877648970605E+01
 0.1500000000000000E+01, 0.1060877648970605E+01
-0.5000000000000000E+00, 0.1123574953965451E+01
-0.4375000000000000E+00, 0.1123574953965452E+01
-0.3750000000000000E+00, 0.1123574953965452E+01
-0.3125000000000000E+00, 0.1123574953965451E+01
-0.2500000000000000E+00, 0.1123574953965451E+01
-0.1875000000000000E+00, 0.1123574953965451E+01
-0.1250000000000000E+00, 0.1123574953965451E+01
-0.6250000000000000E-01, 0.1123574953965451E+01
 0.0000000000000000E+00, 0.1123574953965451E+01
 0.6250000000000000E-01, 0.1126340532791714E+01
 0.1250000000000000E+00, 0.1129106111617978E+01
 0.1875000000000000E+00, 0.1131871690444241E+01
 0.2500000000000000E+00, 0.1134637269270504E+01
 0.3125000000000000E+00, 0.1137402848096767E+01
 0.3750000000000000E+00, 0.1140168426923031E+01
 0.4375000000000000E+00, 0.1142934005749294E+01
 0.5000000000000000E+00, 0.1145699584575557E+01
 0.5625000000000000E+00, 0.1142934005749294E+01
 0.6250000000000000E+00, 0.1140168426923031E+01
 0.6875000000000000E+00, 0.1137402848096768E+01
 0.7500000000000000E+00, 0.1134637269270504E+01
 0.8125000000000000E+00, 0.1131871690444241E+01
 0.8750000000000000E+00, 0.1129106111617978E+01
 0.9375000000000000E+00, 0.1126340532791715E+01
 0.1000000000000000E+01, 0.1123574953965451E+01
 0.1062500000000000E+01, 0.1123574953965451E+01
 0.1125000000000000E+01, 0.1123574953965451E+01
 0.1187500000000000E+01, 0.1123574953965451E+01
 0.1250000000000000E+01, 0.1123574953965451E+01
 0.1312500000000000E+01, 0.1123574953965451E+01
 0.1375000000000000E+01, 0.1123574953965451E+01
 0.1437500000000000E+01, 0.1123574953965451E+01
 0.1500000000000000E+01, 0.1123574953965451E+01
-0.5000000000000000E+00, 0.1186288158387245E+01
-0.4375000000000000E+00, 0.1186288158387246E+01
-0.3750000000000000E+00, 0.1186288158387246E+01
-0.3125000000000000E+00, 0.1186288158387246E+01
-0.2500000000000000E+00, 0.1186288158387245E+01
-0.1875000000000000E+00, 0.1186288158387245E+01
-0.1250000000000000E+00, 0.1186288158387246E+01
-0.6250000000000000E-01, 0.1186288158387245E+01
 0.0000000000000000E+00, 0.1186288158387245E+01
 0.6250000000000000E-01, 0.1188592985964081E+01
 0.1250000000000000E+00, 0.1190897813540918E+01
 0.1875000000000000E+00, 0.1193202641117754E+01
 0.2500000000000000E+00, 0.1195507468694590E+01
 0.3125000000000000E+00, 0.1197812296271426E+01
 0.3750000000000000E+00, 0.1200117123848263E+01
 0.4375000000000000E+00, 0.1202421951425099E+01
 0.5000000000000000E+00, 0.1204726779001935E+01
 0.5625000000000000E+00, 0.1202421951425099E+01
 0.6250000000000000E+00, 0.1200117123848263E+01
 0.6875000000000000E+00, 0.1197812296271427E+01
 0.7500000000000000E+00, 0.1195507468694590E+01
 0.8125000000000000E+00, 0.1193202641117754E+01
 0.8750000000000000E+00, 0.1190897813540918E+01
 0.9375000000000000E+00, 0.1188592985964082E+01
 0.1000000000000000E+01, 0.1186288158387246E+01
 0.1062500000000000E+01, 0.1186288158387246E+01
 0.1125000000000000E+01, 0.1186288158387245E+01
 0.1187500000000000E+01, 0.1186288158387245E+01
 0.1250000000000000E+01, 0.1186288158387245E+01
 0.1312500000000000E+01, 0.1186288158387245E+01
 0.1375000000000000E+01, 0.1186288158387245E+01
 0.1437500000000000E+01, 0.1186288158387246E+01
 0.1500000000000000E+01, 0.1186288158387245E+01
-0.5000000000000000E+00, 0.1249014616438252E+01
-0.4375000000000000E+00, 0.1249014616438253E+01
-0.3750000000000000E+00, 0.1249014616438253E+01
-0.3125000000000000E+00, 0.1249014616438252E+01
-0.2500000000000000E+00, 0.1249014616438252E+01
-0.1875000000000000E+00, 0.1249014616438252E+01
-0.1250000000000000E+00, 0.1249014616438252E+01
-0.6250000000000000E-01, 0.1249014616438252E+01
 0.0000000000000000E+00, 0.1249014616438252E+01
 0.6250000000000000E-01, 0.1250858595391810E+01
 0.1250000000000000E+00, 0.1252702574345369E+01
 0.1875000000000000E+00, 0.1254546553298927E+01
 0.2500000000000000E+00, 0.1256390532252485E+01
 0.3125000000000000E+00, 0.1258234511206044E+01
 0.3750000000000000E+00, 0.1260078490159602E+01
 0.4375000000000000E+00, 0.1261922469113160E+01
 0.5000000000000000E+00, 0.1263766448066718E+01
 0.5625000000000000E+00, 0.1261922469113160E+01
 0.6250000000000000E+00, 0.1260078490159602E+01
 0.6875000000000000E+00, 0.1258234511206044E+01
 0.7500000000000000E+00, 0.1256390532252485E+01
 0.8125000000000000E+00, 0.1254546553298927E+01
 0.8750000000000000E+00, 0.1252702574345368E+01
 0.9375000000000000E+00, 0.1250858595391811E+01
 0.1000000000000000E+01, 0.1249014616438252E+01
 0.1062500000000000E+01, 0.1249014616438252E+01
 0.1125000000000000E+01, 0.1249014616438252E+01
 0.1187500000000000E+01, 0.1249014616438252E+01
 0.1250000000000000E+01, 0.1249014616438252E+01
 0.1312500000000000E+01, 0.1249014616438252E+01
 0.1375000000000000E+01, 0.1249014616438252E+01
 0.1437500000000000E+01, 0.1249014616438252E+01
 0.1500000000000000E+01, 0.1249014616438252E+01
-0.5000000000000000E+00, 0.1311751680081651E+01
-0.4375000000000000E+00, 0.1311751680081652E+01
-0.3750000000000000E+00, 0.1311751680081652E+01
-0.3125000000000000E+00, 0.1311751680081651E+01
-0.2500000000000000E+00, 0.1311751680081651E+01
-0.1875000000000000E+00, 0.1311751680081651E+01
-0.1250000000000000E+00, 0.1311751680081651E+01
-0.6250000000000000E-01, 0.1311751680081651E+01
 0.0000000000000000E+00, 0.1311751680081651E+01
 0.6250000000000000E-01, 0.1313134732493095E+01
 0.1250000000000000E+00, 0.1314517784904539E+01
 0.1875000000000000E+00, 0.1315900837315982E+01
 0.2500000000000000E+00, 0.1317283889727425E+01
 0.3125000000000000E+00, 0.1318666942138869E+01
 0.3750000000000000E+00, 0.1320049994550312E+01
 0.4375000000000000E+00, 0.1321433046961755E+01
 0.5000000000000000E+00, 0.1322816099373199E+01
 0.5625000000000000E+00, 0.1321433046961755E+01
 0.6250000000000000E+00, 0.1320049994550312E+01
 0.6875000000000000E+00, 0.1318666942138869E+01
 0.7500000000000000E+00, 0.1317283889727425E+01
 0.8125000000000000E+00, 0.1315900837315982E+01
 0.8750000000000000E+00, 0.1314517784904538E+01
 0.9375000000000000E+00, 0.1313134732493095E+01
 0.1000000000000000E+01, 0.1311751680081651E+01
 0.1062500000000000E+01, 0.1311751680081651E+01
 0.1125000000000000E+01, 0.1311751680081651E+01
 0.1187500000000000E+01, 0.1311751680081651E+01
 0.1250000000000000E+01, 0.1311751680081651E+01
 0.1312500000000000E+01, 0.1311751680081651E+01
 0.1375000000000000E+01, 0.1311751680081651E+01
 0.1437500000000000E+01, 0.1311751680081651E+01
 0.1500000000000000E+01, 0.1311751680081651E+01
-0.5000000000000000E+00, 0.1374496699488393E+01
-0.4375000000000000E+00, 0.1374496699488394E+01
-0.3750000000000000E+00, 0.1374496699488394E+01
-0.3125000000000000E+00, 0.1374496699488394E+01
-0.2500000000000000E+00, 0.1374496699488393E+01
-0.1875000000000000E+00, 0.1374496699488393E+01
-0.1250000000000000E+00, 0.1374496699488394E+01
-0.6250000000000000E-01, 0.1374496699488393E+01
 0.0000000000000000E+00, 0.1374496699488393E+01
 0.6250000000000000E-01, 0.1375418766907066E+01
 0.1250000000000000E+00, 0.1376340834325740E+01
 0.1875000000000000E+00, 0.1377262901744413E+01
 0.2500000000000000E+00, 0.1378184969163087E+01
 0.3125000000000000E+00, 0.1379107036581760E+01
 0.3750000000000000E+00, 0.1380029104000433E+01
 0.4375000000000000E+00, 0.1380951171419106E+01
 0.5000000000000000E+00, 0.1381873238837780E+01
 0.5625000000000000E+00, 0.1380951171419106E+01
 0.6250000000000000E+00, 0.1380029104000433E+01
 0.6875000000000000E+00, 0.1379107036581760E+01
 0.7500000000000000E+00, 0.1378184969163086E+01
 0.8125000000000000E+00, 0.1377262901744413E+01
 0.8750000000000000E+00, 0.1376340834325740E+01
 0.9375000000000000E+00, 0.1375418766907067E+01
 0.1000000000000000E+01, 0.1374496699488394E+01
 0.1062500000000000E+01, 0.1374496699488394E+01
 0.1125000000000000E+01, 0.1374496699488393E+01
 0.1187500000000000E+01, 0.1374496699488393E+01
 0.1250000000000000E+01, 0.1374496699488393E+01
 0.1312500000000000E+01, 0.1374496699488393E+01
 0.1375000000000000E+01, 0.1374496699488393E+01
 0.1437500000000000E+01, 0.1374496699488394E+01
 0.1500000000000000E+01, 0.1374496699488393E+01
-0.5000000000000000E+00, 0.1437247023484693E+01
-0.4375000000000000E+00, 0.1437247023484694E+01
-0.3750000000000000E+00, 0.1437247023484694E+01
-0.3125000000000000E+00, 0.1437247023484693E+01
-0.2500000000000000E+00, 0.1437247023484693E+01
-0.1875000000000000E+00, 0.1437247023484693E+01
-0.1250000000000000E+00, 0.1437247023484693E+01
-0.6250000000000000E-01, 0.1437247023484693E+01
 0.0000000000000000E+00, 0.1437247023484693E+01
 0.6250000000000000E-01, 0.1437708066938002E+01
 0.1250000000000000E+00, 0.1438169110391311E+01
 0.1875000000000000E+00, 0.1438630153844620E+01
 0.2500000000000000E+00, 0.1439091197297929E+01
 0.3125000000000000E+00, 0.1439552240751238E+01
 0.3750000000000000E+00, 0.1440013284204547E+01
 0.4375000000000000E+00, 0.1440474327657856E+01
 0.5000000000000000E+00, 0.1440935371111165E+01
 0.5625000000000000E+00, 0.1440474327657856E+01
 0.6250000000000000E+00, 0.1440013284204547E+01
 0.6875000000000000E+00, 0.1439552240751238E+01
 0.7500000000000000E+00, 0.1439091197297929E+01
 0.8125000000000000E+00, 0.1438630153844620E+01
 0.8750000000000000E+00, 0.1438169110391311E+01
 0.9375000000000000E+00, 0.1437708066938002E+01
 0.1000000000000000E+01, 0.1437247023484693E+01
 0.1062500000000000E+01, 0.1437247023484693E+01
 0.1125000000000000E+01, 0.1437247023484693E+01
 0.1187500000000000E+01, 0.1437247023484693E+01
 0.1250000000000000E+01, 0.1437247023484693E+01
 0.1312500000000000E+01, 0.1437247023484693E+01
 0.1375000000000000E+01, 0.1437247023484693E+01
 0.1437500000000000E+01, 0.1437247023484693E+01
 0.1500000000000000E+01, 0.1437247023484693E+01
-0.5000000000000000E+00, 0.1500000000000000E+01
-0.4375000000000000E+00, 0.1500000000000001E+01
-0.3750000000000000E+00, 0.1500000000000001E+01
-0.3125000000000000E+00, 0.1500000000000000E+01
-0.2500000000000000E+00, 0.1500000000000000E+01
-0.1875000000000000E+00, 0.1500000000000000E+01
-0.1250000000000000E+00, 0.1500000000000000E+01
-0.6250000000000000E-01, 0.1500000000000000E+01
 0.0000000000000000E+00, 0.1500000000000000E+01
 0.6250000000000000E-01, 0.1500000000000000E+01
 0.1250000000000000E+00, 0.1500000000000000E+01
 0.1875000000000000E+00, 0.1500000000000000E+01
 0.2500000000000000E+00, 0.1500000000000000E+01
 0.3125000000000000E+00, 0.1500000000000000E+01
 0.3750000000000000E+00, 0.1500000000000000E+01
 0.4375000000000000E+00, 0.1500000000000000E+01
 0.5000000000000000E+00, 0.1500000000000000E+01
 0.5625000000000000E+00, 0.1500000000000000E+01
 0.6250000000000000E+00, 0.1500000000000000E+01
 0.6875000000000000E+00, 0.1500000000000000E+01
 0.7500000000000000E+00, 0.1500000000000000E+01
 0.8125000000000000E+00, 0.1500000000000000E+01
 0.8750000000000000E+00, 0.1500000000000000E+01
 0.9375000000000000E+00, 0.1500000000000000E+01
 0.1000000000000000E+01, 0.1500000000000000E+01
 0.1062500000000000E+01, 0.1500000000000000E+01
 0.1125000000000000E+01, 0.1500000000000000E+01
 0.1187500000000000E+01, 0.1500000000000000E+01
 0.1250000000000000E+01, 0.1500000000000000E+01
 0.1312500000000000E+01, 0.1500000000000000E+01
 0.1375000000000000E+01, 0.1500000000000000E+01
 0.1437500000000000E+01, 0.1500000000000000E+01
 0.1500000000000000E+01, 0.1500000000000000E+01
